10
0 21 0 61 41 36 26 92 4 17 
21 0 62 62 20 24 60 87 40 15 
0 62 0 63 21 62 53 38 47 92 
61 62 63 0 64 6 45 90 51 1 
41 20 21 64 0 54 50 5 41 90 
36 24 62 6 54 0 33 50 78 32 
26 60 53 45 50 33 0 45 94 68 
92 87 38 90 5 50 45 0 53 75 
4 40 47 51 41 78 94 53 0 63 
17 15 92 1 90 32 68 75 63 0 
